
After 999999 Iterations: 
output a_j
0.11	0.11	
0.649093	0.368363	
0.897217	0.102761	

errors delta_j
-0.00193513	3.28999e-05	
0.00119931	0.000274418	
0.000256616	-0.000254611	

weights i_j
   86.2683          0   -15.4586   -4.47018          0          0 
         0  0.0406324   0.270335  0.0431502          0          0 
         0          0    2.28577          0    10.2906   -10.3087 
         0          0          0 -0.0522709    2.33856   -2.27528 
         0          0          0          0    -5.3743          0 
         0          0          0          0          0    5.36249 



After 1000000 Iterations: 
output a_j
0.22	0.11	
0.25249	0.262897	
0.103286	0.896738	

errors delta_j
0.00333505	-3.23441e-05	
-0.00117884	-0.000271108	
-0.000304385	0.000302034	

weights i_j
   86.2683          0   -15.4586   -4.47018          0          0 
         0  0.0406321   0.270334  0.0431499          0          0 
         0          0    2.28576          0    10.2906   -10.3087 
         0          0          0 -0.0522736    2.33856   -2.27528 
         0          0          0          0    -5.3743          0 
         0          0          0          0          0     5.3625 
